ECE
113,1236,18897,10287,12
CS
8,21,2220,3333,8
Physics
4803516113475206674,8718435496545984533,3392430057225669658,7873298107408011805,4382792182772698656,9316985657868791330,2310628113342172198,7440148517576596521,2332304040032666669,4625661584008560179,6912384476845297717,3704073050022147129,4538926115836724284,3326552910319467583,5992212986744874560,7643353552607548479,1598297306964244548,7317118651047097923,6052715941108939849,8889361054951822413,7851561915610632786,9031419002441009236,9564457402148585556,3546528597312851546,5155273478448790620,6490966231774423644,2452401030723553377,1396327077044436584,8103034494378750581,4237621772410361465,6155897609339198079,3888660893233005697,5910180592095032960,7590466901574442623,8883405166322152070,2765228437677182603,7907872486889858702,6912297536754603666,5922730882614822548,1344962841073586855,9702817260117555373,8233091129275142834,6842670391896216758,7328734167993076931,6200490748850585797,1010093358966377673,9883704113862204626,2151290634493824729,7844093772930915033,8992032120135416537,7867352771578234077,6970591910471044830,6887453997882748643,5270762006192126698,4291302516189821679,8604641680710413565,4584427702830511872,5583235991139588361,7609929247841495306,8920714954359423243,3717400658869292304,1359612993632269079,6853513911265730331,8807279647501654815,9627294675459589406,6261333274998659362,4764783420290682153,8070588249875078440,4274572902559043887,5795651677912756535,3068207724846479685,1805732619553289039,1435434248044897109,6387237574319912278,6851613792949671260,1428846269396347234,3779704113567738214,8603621357981096814,1590986420160408433,9339928409945184625,8577976858144541570,1869315677369498506,2467315357515340702,7991080373685229484,6742170851554922415,2775546228774005172,1883995255424410040,9384128992017452981,7154454047990691774,9412761203162009539,4499764257705616846,6548762024517326800,4526518004956757974,3202426500422087640,5727320670541748696,4198304022634109927,3422852503516241906,6093190978510579702,7377196786549009398,6275092858192945660
Accounting
4909,4898,4824,4119,4629,4327,4430,4558,4895,4246,4729,4214,486,4343,4470,4490,4729,4307,4479,4925,4436,4739,4557,4811,4720,4789,4373,4157
Business
5443,5741,5735,5422,5189,5833,5661,5905,5399,5653,5582,5161,5945,5888,5580,5921,5733,5268
